[40] [0] 320 320
[30] [3] 243 320
[87] [0] 696 696
[31] [0] 248 696
[79] [4] 636 696
[114] [4] 916 916
[24] [7] 199 916
[19] [2] 154 916
[37] [7] 303 916
[37] [4] 300 916
[72] [5] 581 916
[12] [7] 103 916
[86] [0] 688 916
[44] [6] 358 916
[74] [2] 594 916
[34] [6] 278 916
[41] [7] 335 916
[41] [4] 332 916
[81] [0] 648 916
[83] [2] 666 916
[33] [6] 270 916
[68] [6] 550 916
[40] [5] 325 916
[67] [1] 537 916
[16] [5] 133 916
[108] [0] 864 916
[18] [7] 151 916
[43] [7] 351 916
[112] [3] 899 916
[9] [7] 79 916
[74] [3] 595 916
[71] [4] 572 916
[23] [5] 189 916
[33] [1] 265 916
[52] [2] 418 916
[32] [4] 260 916
[61] [4] 492 916
[94] [0] 752 916
[59] [7] 479 916
[69] [0] 552 916
[62] [2] 498 916
[92] [3] 739 916
[91] [3] 731 916
[28] [3] 227 916
[30] [5] 245 916
[68] [1] 545 916
[49] [6] 398 916
[59] [3] 475 916
[26] [6] 214 916
[11] [3] 91 916
[47] [5] 381 916
[37] [0] 296 916
[48] [4] 388 916
[113] [2] 906 916
[55] [0] 440 916
[27] [1] 217 916
[35] [5] 285 916
[108] [6] 870 916
[12] [4] 100 916
[39] [2] 314 916
[72] [2] 578 916
[6] [7] 55 916
[54] [1] 433 916
[85] [6] 686 916
[107] [7] 863 916
[113] [0] 904 916
[82] [4] 660 916
[25] [7] 207 916
[88] [6] 710 916
[93] [6] 750 916
[95] [7] 767 916
[106] [4] 852 916
[100] [2] 802 916
[76] [0] 608 916
[84] [0] 672 916
[56] [5] 453 916
[71] [2] 570 916
[40] [3] 323 916
[59] [2] 474 916
[27] [5] 221 916
[48] [2] 386 916
[11] [0] 88 916
[41] [6] 334 916
[102] [7] 823 916
[66] [5] 533 916
[41] [2] 330 916
[19] [0] 152 916
[45] [5] 365 916
[77] [5] 621 916
[21] [0] 168 916
[25] [5] 205 916
[63] [0] 504 916
[15] [6] 126 916
[91] [4] 732 916
[98] [1] 785 916
[30] [7] 247 916
[81] [4] 652 916
[82] [3] 659 916
[7] [1] 57 916
[38] [4] 308 916
[7] [6] 62 916
[19] [1] 153 916
[35] [0] 280 916
[30] [4] 244 916
[100] [0] 800 916
[95] [6] 766 916
[74] [0] 592 916
[22] [1] 177 916
[23] [2] 186 916
[73] [2] 586 916
[56] [7] 455 916
[51] [6] 414 916
[51] [1] 409 916
[110] [3] 883 916
[98] [6] 790 916
[42] [6] 342 916
[22] [7] 183 916
[39] [1] 313 916
[105] [4] 844 916
[93] [2] 746 916
[24] [3] 195 916
[68] [2] 546 916
[78] [0] 624 916
[49] [2] 394 916
[114] [0] 912 916
[91] [5] 733 916
[62] [4] 500 916
[61] [3] 491 916
[22] [5] 181 916
[97] [0] 776 916
[46] [5] 373 916
[55] [2] 442 916
[103] [4] 828 916
[20] [1] 161 916
[13] [4] 108 916
[28] [4] 228 916
[88] [3] 707 916
[58] [4] 468 916
[106] [3] 851 916
[92] [4] 740 916
[16] [7] 135 916
[95] [1] 761 916
[63] [7] 511 916
[108] [3] 867 916
[83] [3] 667 916
[75] [3] 603 916
[76] [5] 613 916
[57] [7] 463 916
[7] [5] 61 916
[32] [0] 256 916
[98] [3] 787 916
[66] [2] 530 916
[73] [0] 584 916
[77] [6] 622 916
[12] [1] 97 916
[33] [2] 266 916
[34] [1] 273 916
[27] [4] 220 916
[19] [5] 157 916
[17] [6] 142 916
[10] [3] 83 916
[100] [7] 807 916
[96] [0] 768 916
[53] [5] 429 916
[109] [1] 873 916
[110] [6] 886 916
[83] [1] 665 916
[48] [1] 385 916
[20] [6] 166 916
[9] [6] 78 916
[41] [5] 333 916
[90] [4] 724 916
[111] [1] 889 916
[92] [0] 736 916
[111] [6] 894 916
[85] [5] 685 916
[69] [6] 558 916
[78] [6] 630 916
[69] [4] 556 916
[42] [3] 339 916
[18] [3] 147 916
[111] [4] 892 916
[92] [2] 738 916
[61] [0] 488 916
[110] [2] 882 916
[90] [0] 720 916
[63] [2] 506 916
[17] [0] 136 916
[31] [6] 254 916
[49] [0] 392 916
[57] [3] 459 916
[114] [1] 913 916
[7] [0] 56 916
[63] [5] 509 916
[19] [7] 159 916
[68] [4] 548 916
[113] [7] 911 916
[52] [0] 416 916
[43] [5] 349 916
[32] [2] 258 916
[31] [5] 253 916
[57] [6] 462 916
[94] [6] 758 916
[45] [1] 361 916
[103] [0] 824 916
[114] [5] 917 917
[24] [0] 192 917
[19] [6] 158 917
[60] [0] 480 917
[62] [7] 503 917
[38] [1] 305 917
[8] [2] 66 917
[11] [6] 94 917
[68] [0] 544 917
[59] [0] 472 917
[23] [0] 184 917
[65] [2] 522 917
[58] [3] 467 917
[102] [1] 817 917
[39] [5] 317 917
[80] [1] 641 917
[93] [0] 744 917
[107] [5] 861 917
[13] [1] 105 917
[75] [6] 606 917
[102] [3] 819 917
[78] [3] 627 917
[47] [6] 382 917
[84] [6] 678 917
[108] [5] 869 917
[111] [5] 893 917
[24] [1] 193 917
[107] [3] 859 917
[42] [0] 336 917
[67] [7] 543 917
[94] [7] 759 917
[64] [2] 514 917
[114] [3] 915 917
[15] [5] 125 917
[49] [4] 396 917
[102] [2] 818 917
[31] [7] 255 917
[100] [4] 804 917
[65] [7] 527 917
[53] [7] 431 917
[66] [7] 535 917
[55] [4] 444 917
[11] [5] 93 917
[60] [5] 485 917
[49] [1] 393 917
[25] [1] 201 917
[81] [3] 651 917
[23] [7] 191 917
[85] [3] 683 917
[77] [3] 619 917
[36] [4] 292 917
[78] [5] 629 917
[34] [5] 277 917
[10] [4] 84 917
[54] [0] 432 917
[88] [2] 706 917
[52] [3] 419 917
[98] [7] 791 917
[53] [2] 426 917
[58] [1] 465 917
[47] [1] 377 917
[112] [1] 897 917
[90] [7] 727 917
[20] [5] 165 917
[27] [0] 216 917
[65] [1] 521 917
[58] [0] 464 917
[54] [5] 437 917
[96] [4] 772 917
[84] [3] 675 917
[44] [3] 355 917
[109] [5] 877 917
[70] [5] 565 917
[38] [7] 311 917
[34] [0] 272 917
[55] [7] 447 917
[99] [2] 794 917
[18] [1] 145 917
[100] [1] 801 917
[114] [6] 918 918
[45] [7] 367 918
[63] [4] 508 918
[35] [3] 283 918
[8] [0] 64 918
[108] [4] 868 918
[98] [4] 788 918
[98] [0] 784 918
[27] [6] 222 918
[6] [2] 50 918
[94] [2] 754 918
[108] [1] 865 918
[101] [7] 815 918
[44] [4] 356 918
[45] [0] 360 918
[92] [7] 743 918
[29] [4] 236 918
[23] [6] 190 918
[90] [5] 725 918
[106] [5] 853 918
[46] [1] 369 918
[46] [2] 370 918
[102] [5] 821 918
[24] [2] 194 918
[6] [3] 51 918
[12] [2] 98 918
[10] [7] 87 918
[51] [3] 411 918
[109] [3] 875 918
[78] [2] 626 918
[36] [5] 293 918
[34] [7] 279 918
[76] [6] 614 918
[70] [4] 564 918
[87] [3] 699 918
[17] [2] 138 918
[45] [4] 364 918
[61] [1] 489 918
[21] [2] 170 918
[46] [3] 371 918
[31] [3] 251 918
[17] [1] 137 918
[99] [4] 796 918
[102] [0] 816 918
[13] [2] 106 918
[58] [7] 471 918
[111] [7] 895 918
[57] [1] 457 918
[61] [2] 490 918
[40] [6] 326 918
[48] [3] 387 918
[69] [2] 554 918
[73] [4] 588 918
[81] [2] 650 918
[42] [4] 340 918
[106] [0] 848 918
[62] [6] 502 918
[72] [4] 580 918
[59] [6] 478 918
[89] [5] 717 918
[20] [0] 160 918
[31] [1] 249 918
[21] [6] 174 918
[9] [2] 74 918
[98] [2] 786 918
[43] [6] 350 918
[73] [6] 590 918
[107] [2] 858 918
[106] [7] 855 918
[38] [5] 309 918
[45] [3] 363 918
[48] [0] 384 918
[8] [3] 67 918
[15] [7] 127 918
[99] [5] 797 918
[16] [4] 132 918
[37] [5] 301 918
[43] [4] 348 918
[60] [3] 483 918
[53] [4] 428 918
[58] [2] 466 918
[110] [1] 881 918
[23] [1] 185 918
[78] [7] 631 918
[26] [0] 208 918
[93] [5] 749 918
[23] [4] 188 918
[20] [3] 163 918
[43] [0] 344 918
[94] [1] 753 918
[26] [7] 215 918
[43] [3] 347 918
[69] [1] 553 918
[74] [6] 598 918
[14] [5] 117 918
[12] [6] 102 918
[14] [2] 114 918
[6] [0] 48 918
[113] [3] 907 918
[33] [7] 271 918
[6] [6] 54 918
[44] [5] 357 918
[79] [2] 634 918
[33] [3] 267 918
[13] [3] 107 918
[6] [4] 52 918
[13] [7] 111 918
[39] [6] 318 918
[96] [2] 770 918
[102] [6] 822 918
[71] [0] 568 918
[63] [3] 507 918
[56] [4] 452 918
[36] [3] 291 918
[22] [0] 176 918
[29] [7] 239 918
[69] [7] 559 918
[101] [6] 814 918
[71] [5] 573 918
[35] [7] 287 918
[109] [4] 876 918
[103] [7] 831 918
[37] [1] 297 918
[19] [3] 155 918
[54] [2] 434 918
[18] [0] 144 918
[8] [6] 70 918
[113] [4] 908 918
[87] [6] 702 918
[21] [1] 169 918
[14] [4] 116 918
[70] [7] 567 918
[88] [5] 709 918
[51] [4] 412 918
[95] [2] 762 918
[106] [2] 850 918
[93] [1] 745 918
[51] [7] 415 918
[67] [3] 539 918
[55] [1] 441 918
[85] [4] 684 918
[85] [7] 687 918
[66] [6] 534 918
[44] [1] 353 918
[54] [6] 438 918
[107] [0] 856 918
[73] [7] 591 918
[53] [3] 427 918
[77] [1] 617 918
[87] [4] 700 918
[39] [3] 315 918
[101] [3] 811 918
[96] [5] 773 918
[115] [1] 921 921
[108] [7] 871 921
[99] [1] 793 921
[73] [5] 589 921
[36] [0] 288 921
[88] [4] 708 921
[11] [4] 92 921
[43] [2] 346 921
[14] [6] 118 921
[86] [5] 693 921
[96] [6] 774 921
[52] [1] 417 921
[70] [3] 563 921
[109] [7] 879 921
[103] [3] 827 921
[44] [7] 359 921
[68] [5] 549 921
[26] [1] 209 921
[41] [3] 331 921
[37] [2] 298 921
[21] [5] 173 921
[55] [6] 446 921
[24] [5] 197 921
[11] [7] 95 921
[52] [4] 420 921
[20] [4] 164 921
[23] [3] 187 921
[28] [1] 225 921
[80] [3] 643 921
[29] [2] 234 921
[99] [6] 798 921
[18] [6] 150 921
[29] [5] 237 921
[82] [0] 656 921
[110] [5] 885 921
[82] [5] 661 921
[31] [2] 250 921
[12] [0] 96 921
[100] [6] 806 921
[91] [2] 730 921
[72] [3] 579 921
[112] [2] 898 921
[83] [4] 668 921
[57] [0] 456 921
[51] [0] 408 921
[96] [1] 769 921
[25] [3] 203 921
[90] [3] 723 921
[96] [3] 771 921
[74] [1] 593 921
[47] [0] 376 921
[57] [5] 461 921
[59] [1] 473 921
[87] [2] 698 921
[69] [5] 557 921
[50] [7] 407 921
[70] [0] 560 921
[17] [5] 141 921
[17] [7] 143 921
[9] [5] 77 921
[104] [4] 836 921
[82] [6] 662 921
[86] [6] 694 921
[62] [3] 499 921
[79] [3] 635 921
[18] [2] 146 921
[86] [2] 690 921
[64] [1] 513 921
[39] [7] 319 921
[83] [5] 669 921
[52] [5] 421 921
[78] [1] 625 921
[81] [1] 649 921
[16] [6] 134 921
[15] [3] 123 921
[13] [0] 104 921
[75] [1] 601 921
[37] [3] 299 921
[15] [4] 124 921
[113] [5] 909 921
[88] [0] 704 921
[92] [1] 737 921
[84] [7] 679 921
[66] [1] 529 921
[61] [5] 493 921
[79] [6] 638 921
[42] [5] 341 921
[22] [6] 182 921
[70] [1] 561 921
[29] [0] 232 921
[22] [3] 179 921
[66] [0] 528 921
[62] [5] 501 921
[110] [0] 880 921
[45] [6] 366 921
[26] [4] 212 921
[80] [7] 647 921
[32] [5] 261 921
[25] [2] 202 921
[111] [2] 890 921
[50] [2] 402 921
[69] [3] 555 921
[35] [6] 286 921
[105] [5] 845 921
[27] [2] 218 921
[60] [2] 482 921
[67] [5] 541 921
[38] [3] 307 921
[20] [7] 167 921
[26] [3] 211 921
[72] [6] 582 921
[50] [5] 405 921
[53] [1] 425 921
[83] [6] 670 921
[34] [3] 275 921
[45] [2] 362 921
[66] [4] 532 921
[87] [7] 703 921
[8] [1] 65 921
[56] [3] 451 921
[22] [2] 178 921
[67] [2] 538 921
[100] [3] 803 921
[48] [7] 391 921
[11] [2] 90 921
[68] [3] 547 921
[90] [2] 722 921
[37] [6] 302 921
[80] [2] 642 921
[49] [7] 399 921
[25] [4] 204 921
[18] [4] 148 921
[107] [1] 857 921
[84] [1] 673 921
[71] [6] 574 921
[104] [1] 833 921
[40] [2] 322 921
[76] [7] 615 921
[75] [5] 605 921
[114] [2] 914 921
[105] [3] 843 921
[104] [0] 832 921
[30] [0] 240 921
[91] [7] 735 921
[97] [6] 782 921
[19] [4] 156 921
[49] [3] 395 921
[7] [2] 58 921
[20] [2] 162 921
[61] [7] 495 921
[77] [7] 623 921
[71] [1] 569 921
[74] [5] 597 921
[78] [4] 628 921
[7] [3] 59 921
[87] [5] 701 921
[84] [4] 676 921
[24] [6] 198 921
[50] [6] 406 921
[102] [4] 820 921
[51] [5] 413 921
[88] [7] 711 921
[89] [6] 718 921
[35] [4] 284 921
[63] [6] 510 921
[33] [5] 269 921
[89] [1] 713 921
[105] [6] 846 921
[76] [1] 609 921
[67] [4] 540 921
[101] [0] 808 921
[48] [5] 389 921
[50] [3] 403 921
[76] [4] 612 921
[91] [0] 728 921
[42] [1] 337 921
[71] [3] 571 921
[85] [2] 682 921
[112] [7] 903 921
[21] [4] 172 921
[36] [7] 295 921
[17] [4] 140 921
[54] [7] 439 921
[14] [7] 119 921
[36] [6] 294 921
[25] [6] 206 921
[56] [1] 449 921
[109] [6] 878 921
[104] [6] 838 921
[15] [2] 122 921
[56] [6] 454 921
[89] [2] 714 921
[32] [3] 259 921
[38] [2] 306 921
[103] [6] 830 921
[115] [0] 920 921
[39] [4] 316 921
[112] [4] 900 921
[28] [5] 229 921
[97] [4] 780 921
[35] [1] 281 921
[74] [7] 599 921
[39] [0] 312 921
[46] [4] 372 921
[65] [3] 523 921
[76] [2] 610 921
[27] [7] 223 921
[36] [1] 289 921
[79] [1] 633 921
[64] [7] 519 921
[110] [7] 887 921
[97] [3] 779 921
[77] [0] 616 921
[25] [0] 200 921
[112] [6] 902 921
[54] [3] 435 921
[49] [5] 397 921
[44] [2] 354 921
[40] [4] 324 921
[51] [2] 410 921
[79] [7] 639 921
[6] [1] 49 921
[103] [5] 829 921
[64] [4] 516 921
[63] [1] 505 921
[99] [3] 795 921
[65] [0] 520 921
[60] [1] 481 921
[104] [7] 839 921
[41] [0] 328 921
[33] [0] 264 921
[18] [5] 149 921
[83] [0] 664 921
[76] [3] 611 921
[62] [0] 496 921
[29] [3] 235 921
[65] [5] 525 921
[107] [6] 862 921
[97] [7] 783 921
[10] [2] 82 921
[47] [3] 379 921
[83] [7] 671 921
[16] [0] 128 921
[82] [1] 657 921
[55] [5] 445 921
[8] [4] 68 921
[10] [5] 85 921
[28] [2] 226 921
[79] [5] 637 921
[38] [0] 304 921
[12] [3] 99 921
[106] [1] 849 921
[26] [2] 210 921
[103] [2] 826 921
[97] [1] 777 921
[17] [3] 139 921
[90] [1] 721 921
[95] [0] 760 921
[109] [2] 874 921
[104] [5] 837 921
[72] [0] 576 921
[105] [7] 847 921
[46] [7] 375 921
[60] [4] 484 921
[77] [2] 618 921
[105] [2] 842 921
[89] [7] 719 921
[112] [0] 896 921
[80] [6] 646 921
[32] [7] 263 921
[67] [0] 536 921
[89] [4] 716 921
[31] [4] 252 921
[75] [7] 607 921
[88] [1] 705 921
[91] [1] 729 921
[61] [6] 494 921
[42] [2] 338 921
[94] [4] 756 921
[9] [0] 72 921
[72] [1] 577 921
[93] [4] 748 921
[13] [6] 110 921
[21] [7] 175 921
[11] [1] 89 921
[93] [7] 751 921
[54] [4] 436 921
[91] [6] 734 921
[94] [5] 757 921
[15] [0] 120 921
[99] [0] 792 921
[30] [2] 242 921
[95] [4] 764 921
[50] [4] 404 921
[35] [2] 282 921
[52] [7] 423 921
[10] [1] 81 921
[28] [6] 230 921
[59] [5] 477 921
[104] [3] 835 921
[44] [0] 352 921
[100] [5] 805 921
[104] [2] 834 921
[60] [7] 487 921
[29] [1] 233 921
[113] [6] 910 921
[40] [1] 321 921
[105] [0] 840 921
[13] [5] 109 921
[34] [2] 274 921
[75] [0] 600 921
[107] [4] 860 921
[38] [6] 310 921
[80] [4] 644 921
[115] [2] 922 922
[9] [1] 73 922
[75] [4] 604 922
[21] [3] 171 922
[106] [6] 854 922
[58] [6] 470 922
[15] [1] 121 922
[59] [4] 476 922
[86] [3] 691 922
[64] [0] 512 922
[8] [5] 69 922
[92] [5] 741 922
[65] [4] 524 922
[32] [1] 257 922
[57] [4] 460 922
[50] [1] 401 922
[73] [3] 587 922
[46] [0] 368 922
[32] [6] 262 922
[97] [2] 778 922
[80] [5] 645 922
[48] [6] 390 922
[79] [0] 632 922
[7] [7] 63 922
[27] [3] 219 922
[50] [0] 400 922
[67] [6] 542 922
[30] [6] 246 922
[66] [3] 531 922
[70] [6] 566 922
[92] [6] 742 922
[68] [7] 551 922
[47] [7] 383 922
[36] [2] 290 922
[62] [1] 497 922
[86] [1] 689 922
[114] [7] 919 922
[89] [3] 715 922
[52] [6] 422 922
[109] [0] 872 922
[89] [0] 712 922
[29] [6] 238 922
[85] [0] 680 922
[74] [4] 596 922
[103] [1] 825 922
[10] [0] 80 922
[30] [1] 241 922
[10] [6] 86 922
[81] [7] 655 922
[22] [4] 180 922
[14] [1] 113 922
[53] [0] 424 922
[96] [7] 775 922
[8] [7] 71 922
[71] [7] 575 922
[16] [2] 130 922
[9] [3] 75 922
[26] [5] 213 922
[55] [3] 443 922
[77] [4] 620 922
[99] [7] 799 922
[6] [5] 53 922
[53] [6] 430 922
[41] [1] 329 922
[43] [1] 345 922
[86] [7] 695 922
[101] [1] 809 922
[28] [0] 224 922
[101] [4] 812 922
[70] [2] 562 922
[84] [5] 677 922
[80] [0] 640 922
[28] [7] 231 922
[105] [1] 841 922
[94] [3] 755 922
[75] [2] 602 922
[24] [4] 196 922
[16] [1] 129 922
[81] [6] 654 922
[84] [2] 674 922
[64] [3] 515 922
[108] [2] 866 922
[33] [4] 268 922
[101] [5] 813 922
[56] [0] 448 922
[14] [0] 112 922
[72] [7] 583 922
[111] [0] 888 922
[98] [5] 789 922
[40] [7] 327 922
[12] [5] 101 922
[73] [1] 585 922
[101] [2] 810 922
[85] [1] 681 922
[34] [4] 276 922
[110] [4] 884 922
[95] [5] 765 922
[81] [5] 653 922
[14] [3] 115 922
[82] [2] 658 922
[111] [3] 891 922
[86] [4] 692 922
[7] [4] 60 922
[95] [3] 763 922
[47] [4] 380 922
[90] [6] 726 922
[97] [5] 781 922
[58] [5] 469 922
[82] [7] 663 922
[47] [2] 378 922
[87] [1] 697 922
[16] [3] 131 922
[46] [6] 374 922
[42] [7] 343 922
[64] [5] 517 922
[60] [6] 486 922
[65] [6] 526 922
[112] [5] 901 922
[57] [2] 458 922
[56] [2] 450 922
[9] [4] 76 922
[64] [6] 518 922
[113] [1] 905 922
