8 0
9 7
10 2
11 0
12 3
13 0
14 2
15 4
16 12
17 0
18 4
19 3
20 7
21 11
22 0
23 5
24 21
25 0
26 3
27 7
28 7
29 1
30 25
31 0
32 6
33 0
34 2
35 20
36 0
37 3
38 11
39 17
40 0
41 4
42 23
43 0
44 3
45 7
46 17
47 7
48 2
49 14
50 43
51 0
52 8
53 0
54 2
55 6
56 23
57 14
58 8
59 6
60 4
61 19
62 0
63 9
64 0
65 2
66 11
67 28
68 0
69 4
70 9
71 7
72 24
73 0
74 5
75 51
76 0
77 3
78 33
79 0
80 3
81 3
82 1
83 53
84 0
85 5
86 11
87 20
88 52
89 0
90 5
91 5
92 1
93 10
94 88
95 0
96 6
97 37
98 0
99 3
100 18
101 0
102 3
103 3
104 1
105 12
106 89
107 0
108 6
109 12
110 4
111 41
112 0
113 5
114 22
115 0
116 3
117 13
118 0
119 3
120 3
121 1
122 17
123 76
124 0
125 6
126 17
127 4
128 17
129 2
130 64
131 0
132 7
133 61
134 0
135 3
136 15
137 0
138 3
139 3
140 1
141 19
142 80
143 0
144 6
145 19
146 4
147 19
148 2
149 19
150 2
151 2
152 1
153 12
154 44
155 0
156 12
157 3
158 18
159 58
160 0
161 5
162 48
163 0
164 3
165 7
166 33
167 88
168 73
169 0
170 6
171 26
172 0
173 3
174 9
175 104
176 0
177 4
178 31
179 0
180 3
181 7
182 16
183 0
184 4
185 7
186 4
187 2
188 36
189 0
190 6
191 20
192 104
193 17
194 65
195 0
196 6
197 6
198 1
199 46
200 0
201 5
202 40
203 0
204 3
205 24
206 133
207 0
208 4
209 22
210 95
211 0
212 4
213 4
214 1
215 16
216 33
217 50
218 0
219 7
220 34
221 0
222 3
223 18
224 65
225 30
226 0
227 5
228 26
229 57
230 0
231 4
232 18
233 9
234 59
235 0
236 5
237 9
238 4
239 7
240 20
241 49
242 0
243 7
244 4
245 6
246 48
247 84
248 0
249 6
250 4
251 6
252 2
253 65
254 29
255 0
256 7
257 13
258 140
259 0
260 4
261 10
262 168
263 0
264 4
265 4
266 1
267 52
268 179
269 0
270 6
271 19
272 122
273 0
274 4
275 9
276 38
277 0
278 4
279 4
280 1
281 14
282 224
283 0
284 6
285 14
286 4
287 7
288 31
289 110
290 0
291 7
292 4
293 6
294 9
295 19
296 24
297 91
298 0
299 8
300 241
301 0
302 3
303 80
304 161
305 0
306 4
307 14
308 22
309 99
310 0
311 5
312 75
313 0
314 3
315 12
316 159
317 0
318 4
319 12
320 4
321 2
322 69
323 0
324 6
325 31
326 37
327 229
328 0
329 5
330 18
331 98
332 0
333 4
334 13
335 77
336 0
337 4
338 4
339 1
340 59
341 106
342 0
343 6
344 19
345 49
346 104
347 154
348 0
349 6
350 6
351 1
352 12
353 33
354 137
355 0
356 7
357 65
358 104
359 12
360 7
361 4
362 23
363 306
364 0
365 9
366 71
367 0
368 3
369 54
370 0
371 3
372 3
373 1
374 22
375 66
376 0
377 6
378 27
379 0
380 3
381 8
382 82
383 0
384 4
385 23
386 23
387 1
388 14
389 81
390 0
391 7
392 31
393 67
394 0
395 4
396 11
397 310
398 0
399 4
400 4
401 1
402 14
403 14
404 1
405 3
406 25
407 376
408 0
409 10
410 148
411 0
412 3
413 7
414 22
415 40
416 213
417 0
418 6
419 41
420 308
421 0
422 4
423 22
424 9
425 59
426 85
427 0
428 6
429 10
430 20
431 190
432 0
433 5
434 104
435 76
436 312
437 0
438 5
439 5
440 1
441 36
442 253
443 0
444 6
445 16
446 230
447 0
448 4
449 26
450 221
451 0
452 4
453 4
454 1
455 14
456 52
457 189
458 0
459 7
460 46
461 261
462 0
463 4
464 10
465 35
466 0
467 4
468 4
469 1
470 15
471 334
472 0
473 6
474 29
475 220
476 0
477 4
478 9
479 54
480 110
481 191
482 0
483 6
484 10
485 20
486 55
487 0
488 5
489 49
490 144
491 0
492 4
493 15
494 23
495 108
496 0
497 5
498 9
499 20
500 14
501 45
502 0
503 6
504 20
505 5
506 8
507 125
508 0
509 6
510 6
511 1
512 42
513 0
514 5
515 9
516 17
517 323
518 0
519 5
520 5
521 1
522 10
523 38
524 247
525 0
526 7
527 67
528 134
529 0
530 4
531 38
532 8
533 26
534 84
535 287
536 0
537 7
538 11
539 142
540 0
541 4
542 11
543 4
544 2
545 223
546 0
547 6
548 37
549 222
550 0
551 4
552 8
553 20
554 49
555 65
556 198
557 0
558 7
559 21
560 535
561 0
562 4
563 11
564 21
565 5
566 45
567 65
568 12
569 209
570 0
571 9
572 56
573 0
574 3
575 162
576 0
577 3
578 3
579 1
580 58
581 421
582 0
583 6
584 36
585 143
586 0
587 4
588 25
589 182
590 0
591 4
592 4
593 1
594 14
595 94
596 0
597 6
598 14
599 4
600 7
601 42
602 89
603 496
604 0
605 8
606 53
607 523
608 0
609 4
610 10
611 88
612 444
613 0
614 5
615 49
616 61
617 483
618 0
619 5
620 5
621 1
622 28
623 555
624 0
625 6
626 28
627 4
628 18
629 298
630 0
631 6
632 6
633 1
634 12
635 66
636 260
637 0
638 7
639 38
640 108
641 145
642 0
643 5
644 23
645 150
646 0
647 4
648 20
649 95
650 439
651 0
652 5
653 9
654 82
655 272
656 0
657 5
658 5
659 1
660 26
661 127
662 0
663 6
664 31
665 272
666 10
667 56
668 95
669 19
670 325
671 0
672 9
673 19
674 4
675 27
676 297
677 0
678 6
679 15
680 186
681 0
682 4
683 8
684 78
685 0
686 4
687 4
688 1
689 29
690 215
691 0
692 6
693 14
694 95
695 26
696 35
697 231
698 0
699 7
700 61
701 84
702 167
703 0
704 5
705 46
706 245
707 0
708 4
709 21
710 145
711 69
712 389
713 0
714 6
715 22
716 292
717 0
718 4
719 10
720 53
721 114
722 0
723 5
724 19
725 51
726 650
727 0
728 5
729 5
730 1
731 42
732 130
733 0
734 6
735 20
736 87
737 0
738 4
739 20
740 4
741 2
742 197
743 0
744 6
745 10
746 26
747 51
748 22
749 33
750 396
751 0
752 8
753 69
754 42
755 23
756 111
757 0
758 6
759 14
760 66
761 125
762 254
763 0
764 6
765 6
766 1
767 36
768 183
769 0
770 6
771 5
772 42
773 18
774 145
775 64
776 645
777 0
778 8
779 26
780 33
781 31
782 117
783 0
784 6
785 14
786 26
787 7
788 88
789 177
790 0
791 7
792 4
793 52
794 337
795 0
796 5
797 25
798 209
799 229
800 472
801 0
802 6
803 18
804 30
805 579
806 0
807 5
808 11
809 245
810 103
811 0
812 5
813 5
814 1
815 48
816 569
817 0
818 6
819 16
820 374
821 0
822 4
823 30
824 19
825 100
826 0
827 5
828 14
829 43
830 779
831 0
832 5
833 5
834 1
835 20
836 96
837 0
838 6
839 20
840 4
841 18
842 38
843 203
844 0
845 7
846 54
847 367
848 0
849 4
850 9
851 178
852 0
853 4
854 4
855 1
856 21
857 147
858 0
859 6
860 21
861 4
862 7
863 17
864 347
865 0
866 7
867 4
868 6
869 9
870 19
871 46
872 166
873 0
874 8
875 96
876 39
877 0
878 4
879 11
880 71
881 514
882 0
883 5
884 50
885 667
886 0
887 4
888 9
889 19
890 19
891 1
892 36
893 125
894 132
895 0
896 9
897 8
898 23
899 143
900 314
901 0
902 6
903 34
904 683
905 0
906 4
907 19
908 17
909 45
910 343
911 0
912 6
913 10
914 168
915 652
916 0
917 5
918 34
919 15
920 240
921 0
922 5
923 5
924 1
925 33
926 145
927 152
928 0
929 7
930 63
931 0
932 3
933 354
934 0
935 3
936 3
937 1
938 13
939 604
940 0
941 6
942 29
943 253
944 501
945 0
946 5
947 23
948 49
949 333
950 0
951 5
952 5
953 1
954 16
955 135
956 0
957 6
958 16
959 4
960 53
961 240
962 41
963 543
964 0
965 8
966 68
967 0
968 3
969 32
970 0
971 3
972 3
973 1
974 20
975 135
976 20
977 2
978 236
979 0
980 9
981 84
982 280
983 0
984 4
985 25
986 188
987 0
988 4
989 4
990 1
991 17
992 83
993 0
994 6
995 37
996 447
997 0
998 4
999 9
1000 19
1001 93
1002 0
1003 5
1004 51
1005 257
1006 0
1007 4
1008 9
1009 9
1010 1
1011 20
1012 35
1013 316
1014 0
1015 8
1016 50
1017 132
1018 123
1019 0
1020 5
1021 17
1022 30
1023 199
1024 0
1025 5
1026 5
1027 1
1028 17
1029 7
1030 100
1031 205
1032 0
1033 8
1034 18
1035 193
1036 0
1037 4
1038 30
1039 16
1040 81
1041 651
1042 0
1043 6
1044 49
1045 96
1046 170
1047 0
1048 5
1049 22
1050 301
1051 0
1052 4
1053 15
1054 134
1055 526
1056 0
1057 5
1058 9
1059 49
1060 15
1061 7
1062 32
1063 93
1064 62
1065 0
1066 9
1067 8
1068 34
1069 150
1070 424
1071 0
1072 6
1073 29
1074 131
1075 0
1076 4
1077 24
1078 781
1079 0
1080 4
1081 4
1082 1
1083 55
1084 597
1085 0
1086 6
1087 14
1088 259
1089 0
1090 4
1091 9
1092 25
1093 107
1094 0
1095 5
1096 38
1097 254
1098 335
1099 0
1100 5
1101 5
1102 1
1103 20
1104 92
1105 0
1106 6
1107 20
1108 4
1109 18
1110 75
1111 798
1112 0
1113 7
1114 52
1115 321
1116 0
1117 4
1118 9
1119 27
1120 444
1121 508
1122 0
1123 6
1124 17
1125 96
1126 80
1127 823
1128 0
1129 6
1130 6
1131 1
1132 29
1133 59
1134 708
1135 0
1136 7
1137 23
1138 190
1139 707
1140 0
1141 5
1142 40
1143 727
1144 0
1145 4
1146 28
1147 520
1148 0
1149 4
1150 4
1151 1
1152 20
1153 45
1154 244
1155 0
1156 7
1157 20
1158 5
1159 17
1160 35
1161 148
1162 751
1163 0
1164 8
1165 97
1166 0
1167 3
1168 195
1169 0
1170 3
1171 3
1172 1
1173 21
1174 313
1175 0
1176 6
1177 46
1178 306
1179 815
1180 0
1181 5
1182 23
1183 45
1184 30
1185 146
1186 0
1187 6
1188 11
1189 309
1190 0
1191 4
1192 41
1193 230
1194 747
1195 0
1196 5
1197 15
1198 137
1199 844
1200 0
1201 5
1202 5
1203 1
1204 31
1205 423
1206 0
1207 6
1208 20
1209 51
1210 205
1211 179
1212 943
1213 0
1214 7
1215 58
1216 635
1217 0
1218 4
1219 27
1220 100
1221 190
1222 83
1223 230
1224 30
1225 40
1226 83
1227 4
1228 9
1229 110
1230 749
1231 0
1232 14
1233 145
1234 307
1235 0
1236 4
1237 9
1238 9
1239 1
1240 36
1241 348
1242 0
1243 7
1244 29
1245 112
1246 0
1247 4
1248 11
1249 60
1250 0
1251 4
1252 4
1253 1
1254 14
1255 22
1256 206
1257 0
1258 7
1259 15
1260 62
1261 196
1262 0
1263 5
1264 61
1265 564
1266 0
1267 4
1268 15
1269 9
1270 31
1271 66
1272 511
1273 0
1274 7
1275 16
1276 236
1277 298
1278 648
1279 0
1280 6
1281 73
1282 1113
1283 0
1284 4
1285 17
1286 126
1287 0
1288 4
1289 4
1290 1
1291 37
1292 296
1293 0
1294 6
1295 14
1296 41
1297 104
1298 863
1299 0
1300 6
1301 6
1302 1
1303 12
1304 669
1305 0
1306 6
1307 5
1308 44
1309 1154
1310 0
1311 5
1312 4
1313 23
1314 131
1315 240
1316 354
1317 383
1318 0
1319 8
1320 155
1321 0
1322 3
1323 151
1324 0
1325 3
1326 3
1327 1
1328 25
1329 236
1330 53
1331 370
1332 0
1333 8
1334 14
1335 39
1336 459
1337 0
1338 5
1339 27
1340 120
1341 0
1342 4
1343 30
1344 119
1345 0
1346 4
1347 4
1348 1
1349 21
1350 176
1351 0
1352 6
1353 46
1354 176
1355 4
1356 8
1357 23
1358 44
1359 50
1360 343
1361 450
1362 0
1363 11
1364 115
1365 0
1366 3
1367 40
1368 142
1369 829
1370 0
1371 5
1372 33
1373 447
1374 377
1375 0
1376 5
1377 5
1378 1
1379 30
1380 36
1381 140
1382 1123
1383 0
1384 8
1385 28
1386 239
1387 0
1388 4
1389 33
1390 17
1391 105
1392 0
1393 5
1394 16
1395 119
1396 51
1397 187
1398 0
1399 6
1400 47
1401 0
1402 3
1403 36
1404 23
1405 47
1406 5
1407 13
1408 469
1409 0
1410 8
1411 26
1412 625
1413 0
1414 4
1415 26
1416 4
1417 2
1418 440
1419 0
1420 6
1421 21
1422 72
1423 0
1424 4
1425 8
1426 15
1427 158
1428 0
1429 5
1430 23
1431 26
1432 16
1433 38
1434 337
1435 640
1436 0
1437 8
1438 12
1439 135
1440 464
1441 0
1442 5
1443 13
1444 36
1445 41
1446 149
1447 0
1448 6
1449 28
1450 64
1451 675
1452 0
1453 5
1454 11
1455 91
1456 1158
1457 0
1458 5
1459 5
1460 1
1461 82
1462 807
1463 0
1464 6
1465 16
1466 33
1467 77
1468 1132
1469 0
1470 6
1471 6
1472 1
1473 12
1474 35
1475 314
1476 575
1477 0
1478 8
1479 41
1480 34
1481 412
1482 0
1483 5
1484 24
1485 407
1486 0
1487 4
1488 63
1489 558
1490 0
1491 4
1492 4
1493 1
1494 21
1495 73
1496 214
1497 0
1498 7
1499 224
1500 1217
1501 0
1502 4
1503 10
1504 590
1505 0
1506 4
1507 4
1508 1
1509 15
1510 83
1511 284
1512 0
1513 7
1514 15
1515 5
1516 32
1517 454
1518 0
1519 6
1520 48
1521 705
1522 0
1523 4
1524 16
1525 59
1526 392
1527 0
1528 5
1529 13
1530 86
1531 0
1532 4
1533 9
1534 264
1535 0
1536 4
1537 4
1538 1
1539 30
1540 160
1541 0
1542 6
1543 23
1544 113
1545 0
1546 4
1547 9
1548 14
1549 214
1550 53
1551 220
1552 1076
1553 0
1554 8
1555 76
1556 1120
1557 0
1558 4
1559 12
1560 86
1561 30
1562 22
1563 307
1564 329
1565 0
1566 8
1567 12
1568 8
1569 2
1570 152
1571 643
1572 0
1573 7
1574 60
1575 325
1576 905
1577 0
1578 5
1579 50
1580 220
1581 29
1582 337
1583 148
1584 422
1585 0
1586 8
1587 18
1588 478
1589 0
1590 4
1591 32
1592 75
1593 482
1594 0
1595 5
1596 17
1597 206
1598 341
1599 0
1600 5
1601 5
1602 1
1603 64
1604 153
1605 0
1606 6
1607 64
1608 4
1609 18
1610 22
1611 48
1612 91
1613 157
1614 0
1615 9
1616 68
1617 650
1618 891
1619 0
1620 5
1621 19
1622 621
1623 0
1624 4
1625 16
1626 101
1627 0
1628 4
1629 4
1630 1
1631 28
1632 182
1633 1043
1634 0
1635 7
1636 62
1637 376
1638 1230
1639 0
1640 5
1641 20
1642 433
1643 0
1644 4
1645 15
1646 131
1647 332
1648 0
1649 5
1650 9
1651 35
1652 177
1653 863
1654 355
1655 0
1656 7
1657 21
1658 163
1659 0
1660 4
1661 16
1662 36
1663 218
1664 0
1665 5
1666 16
1667 5
1668 2
1669 99
1670 1360
1671 0
1672 7
1673 16
1674 7
1675 2
1676 7
1677 2
1678 2
1679 1
1680 49
1681 621
1682 59
1683 157
1684 70
1685 0
1686 14
1687 138
1688 0
1689 3
1690 287
1691 1155
1692 0
1693 4
1694 33
1695 228
1696 0
1697 4
1698 4
1699 1
1700 20
1701 59
1702 19
1703 81
1704 663
1705 0
1706 9
1707 56
1708 1040
1709 0
1710 4
1711 12
1712 144
1713 1222
1714 0
1715 5
1716 48
1717 105
1718 326
1719 0
1720 5
1721 5
1722 1
1723 23
1724 180
1725 0
1726 6
1727 120
1728 387
1729 0
1730 4
1731 20
1732 31
1733 462
1734 0
1735 5
1736 14
1737 50
1738 158
1739 311
1740 0
1741 6
1742 15
1743 97
1744 578
1745 0
1746 5
1747 11
1748 293
1749 0
1750 4
1751 20
1752 20
1753 1
1754 31
1755 22
1756 145
1757 523
1758 1150
1759 0
1760 10
1761 257
1762 756
1763 0
1764 4
1765 14
1766 29
1767 185
1768 0
1769 5
1770 23
1771 47
1772 366
1773 0
1774 5
1775 5
1776 1
1777 23
1778 7
1779 102
1780 0
1781 7
1782 3
1783 93
1784 720
1785 0
1786 5
1787 11
1788 40
1789 421
1790 1208
1791 0
1792 6
1793 51
1794 397
1795 0
1796 4
1797 32
1798 206
1799 201
1800 0
1801 5
1802 15
1803 60
1804 229
1805 1005
1806 0
1807 6
1808 15
1809 6
1810 2
1811 132
1812 794
1813 0
1814 7
1815 33
1816 121
1817 0
1818 4
1819 22
1820 64
1821 213
1822 1405
1823 0
1824 6
1825 15
1826 17
1827 230
1828 604
1829 889
1830 0
1831 7
1832 17
1833 6
1834 9
1835 128
1836 0
1837 6
1838 4
1839 20
1840 87
1841 1104
1842 0
1843 6
1844 6
1845 1
1846 69
1847 1093
1848 0
1849 6
1850 5
1851 49
1852 171
1853 0
1854 5
1855 4
1856 17
1857 24
1858 373
1859 0
1860 6
1861 11
1862 74
1863 0
1864 4
1865 9
1866 31
1867 112
1868 622
1869 0
1870 6
1871 10
1872 111
1873 1116
1874 0
1875 5
1876 21
1877 219
1878 0
1879 4
1880 15
1881 55
1882 798
1883 771
1884 0
1885 6
1886 15
1887 6
1888 2
1889 78
1890 1205
1891 0
1892 7
1893 61
1894 629
1895 0
1896 4
1897 17
1898 41
1899 419
1900 0
1901 5
1902 26
1903 471
1904 0
1905 4
1906 9
1907 41
1908 9
1909 2
1910 21
1911 34
1912 431
1913 0
1914 9
1915 6
1916 28
1917 285
1918 0
1919 5
1920 18
1921 311
1922 182
1923 290
1924 0
1925 6
1926 10
1927 55
1928 46
1929 575
1930 453
1931 0
1932 7
1933 40
1934 145
1935 178
1936 1084
1937 0
1938 6
1939 13
1940 410
1941 0
1942 4
1943 37
1944 652
1945 1029
1946 0
1947 5
1948 28
1949 32
1950 152
1951 380
1952 0
1953 6
1954 15
1955 68
1956 339
1957 0
1958 5
1959 11
1960 98
1961 1629
1962 0
1963 5
1964 5
1965 1
1966 120
1967 239
1968 581
1969 0
1970 7
1971 38
1972 538
1973 0
1974 4
1975 32
1976 26
1977 74
1978 115
1979 614
1980 0
1981 7
1982 11
1983 23
1984 206
1985 186
1986 1305
1987 0
1988 7
1989 7
1990 1
1991 25
1992 663
1993 288
1994 0
1995 7
1996 6
1997 43
1998 1168
1999 0
2000 5
2001 36
2002 339
2003 46
2004 75
2005 412
2006 524
2007 0
2008 8
2009 422
2010 425
2011 0
2012 4
2013 38
2014 42
2015 1242
2016 0
2017 5
2018 17
2019 121
2020 203
