0 0 0
0 1 1
0 2 2
0 3 3
0 4 4
0 5 5
0 6 6
0 7 7
0 8 8
0 9 9
0 10 10
0 11 11
0 12 12
0 13 13
0 14 14
0 15 15
0 16 16
0 17 17
0 18 18
0 19 19
0 20 20
0 21 21
0 22 22
0 23 23
0 24 24
0 25 25
0 26 26
0 27 27
0 28 28
0 29 29
0 30 30
0 31 0
0 32 1
0 33 2
0 34 3
0 35 4
0 36 5
0 37 6
0 38 7
0 39 8
0 40 9
0 41 10
0 42 11
0 43 12
0 44 13
0 45 14
0 46 15
0 47 16
0 48 17
0 49 18
0 50 19
0 51 20
0 52 21
0 53 22
0 54 23
0 55 24
0 56 25
0 57 26
0 58 27
0 59 28
0 60 29
0 61 30
0 62 0
0 63 1
0 64 2
0 65 3
0 66 4
0 67 5
0 68 6
0 69 7
0 70 8
0 71 9
0 72 10
0 73 11
0 74 12
0 75 13
0 76 14
0 77 15
0 78 16
0 79 17
0 80 18
0 81 19
0 82 20
0 83 21
0 84 22
0 85 23
0 86 24
0 87 25
0 88 26
0 89 27
0 90 28
0 91 29
0 92 30
0 93 0
0 94 1
0 95 2
0 96 3
0 97 4
0 98 5
0 99 6
0 100 7
0 101 8
0 102 9
0 103 10
0 104 11
0 105 12
0 106 13
0 107 14
0 108 15
0 109 16
0 110 17
0 111 18
0 112 19
0 113 20
0 114 21
0 115 22
0 116 23
0 117 24
0 118 25
0 119 26
0 120 27
0 121 28
0 122 29
0 123 30
0 124 0
0 125 1
0 126 2
0 127 3
0 128 4
0 129 5
0 130 6
0 131 7
0 132 8
0 133 9
0 134 10
0 135 11
0 136 12
0 137 13
0 138 14
0 139 15
0 140 16
0 141 17
0 142 18
0 143 19
0 144 20
0 145 21
0 146 22
0 147 23
0 148 24
0 149 25
0 150 26
0 151 27
0 152 28
0 153 29
0 154 30
0 155 0
0 156 1
0 157 2
0 158 3
0 159 4
0 160 5
0 161 6
0 162 7
0 163 8
0 164 9
0 165 10
0 166 11
0 167 12
0 168 13
0 169 14
0 170 15
0 171 16
0 172 17
0 173 18
0 174 19
0 175 20
0 176 21
0 177 22
0 178 23
0 179 24
0 180 25
0 181 26
0 182 27
0 183 28
0 184 29
0 185 30
0 186 0
0 187 1
0 188 2
0 189 3
0 190 4
0 191 5
0 192 6
0 193 7
0 194 8
0 195 9
0 196 10
0 197 11
0 198 12
0 199 13
0 200 14
0 201 15
0 202 16
0 203 17
0 204 18
0 205 19
0 206 20
0 207 21
0 208 22
0 209 23
0 210 24
0 211 25
0 212 26
0 213 27
0 214 28
0 215 29
0 216 30
0 217 0
0 218 1
0 219 2
0 220 3
0 221 4
0 222 5
0 223 6
0 224 7
0 225 8
0 226 9
0 227 10
0 228 11
0 229 12
0 230 13
0 231 14
0 232 15
0 233 16
0 234 17
0 235 18
0 236 19
0 237 20
0 238 21
0 239 22
0 240 23
0 241 24
0 242 25
0 243 26
0 244 27
0 245 28
0 246 29
0 247 30
0 248 0
0 249 1
0 250 2
0 251 3
0 252 4
0 253 5
0 254 6
0 255 7
0 256 8
0 257 9
0 258 10
0 259 11
0 260 12
0 261 13
0 262 14
0 263 15
0 264 16
0 265 17
0 266 18
0 267 19
0 268 20
0 269 21
0 270 22
0 271 23
0 272 24
0 273 25
0 274 26
0 275 27
0 276 28
0 277 29
0 278 30
0 279 0
0 280 1
0 281 2
0 282 3
0 283 4
0 284 5
0 285 6
0 286 7
0 287 8
0 288 9
0 289 10
0 290 11
0 291 12
0 292 13
0 293 14
0 294 15
0 295 16
0 296 17
0 297 18
0 298 19
0 299 20
0 300 21
0 301 22
0 302 23
0 303 24
0 304 25
0 305 26
0 306 27
0 307 28
0 308 29
0 309 30
0 310 0
0 311 1
0 312 2
0 313 3
0 314 4
0 315 5
0 316 6
0 317 7
0 318 8
0 319 9
0 320 10
0 321 11
0 322 12
1 0 0
1 1 3
1 2 6
1 3 9
1 4 12
1 5 15
1 6 18
1 7 21
1 8 24
1 9 27
1 10 30
1 11 2
1 12 5
1 13 8
1 14 11
1 15 14
1 16 17
1 17 20
1 18 23
1 19 26
1 20 29
1 21 1
1 22 4
1 23 7
1 24 10
1 25 13
1 26 16
1 27 19
1 28 22
1 29 25
1 30 28
1 31 0
1 32 3
1 33 6
1 34 9
1 35 12
1 36 15
1 37 18
1 38 21
1 39 24
1 40 27
1 41 30
1 42 2
1 43 5
1 44 8
1 45 11
1 46 14
1 47 17
1 48 20
1 49 23
1 50 26
1 51 29
1 52 1
1 53 4
1 54 7
1 55 10
1 56 13
1 57 16
1 58 19
1 59 22
1 60 25
1 61 28
1 62 0
1 63 3
1 64 6
1 65 9
1 66 12
1 67 15
1 68 18
1 69 21
1 70 24
1 71 27
1 72 30
1 73 2
1 74 5
1 75 8
1 76 11
1 77 14
1 78 17
1 79 20
1 80 23
1 81 26
1 82 29
1 83 1
1 84 4
1 85 7
1 86 10
1 87 13
1 88 16
1 89 19
1 90 22
1 91 25
1 92 28
1 93 0
1 94 3
1 95 6
1 96 9
1 97 12
1 98 15
1 99 18
1 100 21
1 101 24
1 102 27
1 103 30
1 104 2
1 105 5
1 106 8
1 107 11
1 108 14
1 109 17
1 110 20
1 111 23
1 112 26
1 113 29
1 114 1
1 115 4
1 116 7
1 117 10
1 118 13
1 119 16
1 120 19
1 121 22
1 122 25
1 123 28
1 124 0
1 125 3
1 126 6
1 127 9
1 128 12
1 129 15
1 130 18
1 131 21
1 132 24
1 133 27
1 134 30
1 135 2
1 136 5
1 137 8
1 138 11
1 139 14
1 140 17
1 141 20
1 142 23
1 143 26
1 144 29
1 145 1
1 146 4
1 147 7
1 148 10
1 149 13
1 150 16
1 151 19
1 152 22
1 153 25
1 154 28
1 155 0
1 156 3
1 157 6
1 158 9
1 159 12
1 160 15
1 161 18
1 162 21
1 163 24
1 164 27
1 165 30
1 166 2
1 167 5
1 168 8
1 169 11
1 170 14
1 171 17
1 172 20
1 173 23
1 174 26
1 175 29
1 176 1
1 177 4
1 178 7
1 179 10
1 180 13
1 181 16
1 182 19
1 183 22
1 184 25
1 185 28
1 186 0
1 187 3
1 188 6
1 189 9
1 190 12
1 191 15
1 192 18
1 193 21
1 194 24
1 195 27
1 196 30
1 197 2
1 198 5
1 199 8
1 200 11
1 201 14
1 202 17
1 203 20
1 204 23
1 205 26
1 206 29
1 207 1
1 208 4
1 209 7
1 210 10
1 211 13
1 212 16
1 213 19
1 214 22
1 215 25
1 216 28
1 217 0
1 218 3
1 219 6
1 220 9
1 221 12
1 222 15
1 223 18
1 224 21
1 225 24
1 226 27
1 227 30
1 228 2
1 229 5
1 230 8
1 231 11
1 232 14
1 233 17
1 234 20
1 235 23
1 236 26
1 237 29
1 238 1
1 239 4
1 240 7
1 241 10
1 242 13
1 243 16
1 244 19
1 245 22
1 246 25
1 247 28
1 248 0
1 249 3
1 250 6
1 251 9
1 252 12
1 253 15
1 254 18
1 255 21
1 256 24
1 257 27
1 258 30
1 259 2
1 260 5
1 261 8
1 262 11
1 263 14
1 264 17
1 265 20
1 266 23
1 267 26
1 268 29
1 269 1
1 270 4
1 271 7
1 272 10
1 273 13
1 274 16
1 275 19
1 276 22
1 277 25
1 278 28
1 279 0
1 280 3
1 281 6
1 282 9
1 283 12
1 284 15
1 285 18
1 286 21
1 287 24
1 288 27
1 289 30
1 290 2
1 291 5
1 292 8
1 293 11
1 294 14
1 295 17
1 296 20
1 297 23
1 298 26
1 299 29
1 300 1
1 301 4
1 302 7
1 303 10
1 304 13
1 305 16
1 306 19
1 307 22
1 308 25
1 309 28
1 310 0
1 311 3
1 312 6
1 313 9
1 314 12
1 315 15
1 316 18
1 317 21
1 318 24
1 319 27
1 320 30
1 321 2
1 322 5
2 0 0
2 1 5
2 2 10
2 3 15
2 4 20
2 5 25
2 6 30
2 7 4
2 8 9
2 9 14
2 10 19
2 11 24
2 12 29
2 13 3
2 14 8
2 15 13
2 16 18
2 17 23
2 18 28
2 19 2
2 20 7
2 21 12
2 22 17
2 23 22
2 24 27
2 25 1
2 26 6
2 27 11
2 28 16
2 29 21
2 30 26
2 31 0
2 32 5
2 33 10
2 34 15
2 35 20
2 36 25
2 37 30
2 38 4
2 39 9
2 40 14
2 41 19
2 42 24
2 43 29
2 44 3
2 45 8
2 46 13
2 47 18
2 48 23
2 49 28
2 50 2
2 51 7
2 52 12
2 53 17
2 54 22
2 55 27
2 56 1
2 57 6
2 58 11
2 59 16
2 60 21
2 61 26
2 62 0
2 63 5
2 64 10
2 65 15
2 66 20
2 67 25
2 68 30
2 69 4
2 70 9
2 71 14
2 72 19
2 73 24
2 74 29
2 75 3
2 76 8
2 77 13
2 78 18
2 79 23
2 80 28
2 81 2
2 82 7
2 83 12
2 84 17
2 85 22
2 86 27
2 87 1
2 88 6
2 89 11
2 90 16
2 91 21
2 92 26
2 93 0
2 94 5
2 95 10
2 96 15
2 97 20
2 98 25
2 99 30
2 100 4
2 101 9
2 102 14
2 103 19
2 104 24
2 105 29
2 106 3
2 107 8
2 108 13
2 109 18
2 110 23
2 111 28
2 112 2
2 113 7
2 114 12
2 115 17
2 116 22
2 117 27
2 118 1
2 119 6
2 120 11
2 121 16
2 122 21
2 123 26
2 124 0
2 125 5
2 126 10
2 127 15
2 128 20
2 129 25
2 130 30
2 131 4
2 132 9
2 133 14
2 134 19
2 135 24
2 136 29
2 137 3
2 138 8
2 139 13
2 140 18
2 141 23
2 142 28
2 143 2
2 144 7
2 145 12
2 146 17
2 147 22
2 148 27
2 149 1
2 150 6
2 151 11
2 152 16
2 153 21
2 154 26
2 155 0
2 156 5
2 157 10
2 158 15
2 159 20
2 160 25
2 161 30
2 162 4
2 163 9
2 164 14
2 165 19
2 166 24
2 167 29
2 168 3
2 169 8
2 170 13
2 171 18
2 172 23
2 173 28
2 174 2
2 175 7
2 176 12
2 177 17
2 178 22
2 179 27
2 180 1
2 181 6
2 182 11
2 183 16
2 184 21
2 185 26
2 186 0
2 187 5
2 188 10
2 189 15
2 190 20
2 191 25
2 192 30
2 193 4
2 194 9
2 195 14
2 196 19
2 197 24
2 198 29
2 199 3
2 200 8
2 201 13
2 202 18
2 203 23
2 204 28
2 205 2
2 206 7
2 207 12
2 208 17
2 209 22
2 210 27
2 211 1
2 212 6
2 213 11
2 214 16
2 215 21
2 216 26
2 217 0
2 218 5
2 219 10
2 220 15
2 221 20
2 222 25
2 223 30
2 224 4
2 225 9
2 226 14
2 227 19
2 228 24
2 229 29
2 230 3
2 231 8
2 232 13
2 233 18
2 234 23
2 235 28
2 236 2
2 237 7
2 238 12
2 239 17
2 240 22
2 241 27
2 242 1
2 243 6
2 244 11
2 245 16
2 246 21
2 247 26
2 248 0
2 249 5
2 250 10
2 251 15
2 252 20
2 253 25
2 254 30
2 255 4
2 256 9
2 257 14
2 258 19
2 259 24
2 260 29
2 261 3
2 262 8
2 263 13
2 264 18
2 265 23
2 266 28
2 267 2
2 268 7
2 269 12
2 270 17
2 271 22
2 272 27
2 273 1
2 274 6
2 275 11
2 276 16
2 277 21
2 278 26
2 279 0
2 280 5
2 281 10
2 282 15
2 283 20
2 284 25
2 285 30
2 286 4
2 287 9
2 288 14
2 289 19
2 290 24
2 291 29
2 292 3
2 293 8
2 294 13
2 295 18
2 296 23
2 297 28
2 298 2
2 299 7
2 300 12
2 301 17
2 302 22
2 303 27
2 304 1
2 305 6
2 306 11
2 307 16
2 308 21
2 309 26
2 310 0
2 311 5
2 312 10
2 313 15
2 314 20
2 315 25
2 316 30
2 317 4
2 318 9
2 319 14
2 320 19
2 321 24
2 322 29
3 0 0
3 1 7
3 2 14
3 3 21
3 4 28
3 5 4
3 6 11
3 7 18
3 8 25
3 9 1
3 10 8
3 11 15
3 12 22
3 13 29
3 14 5
3 15 12
3 16 19
3 17 26
3 18 2
3 19 9
3 20 16
3 21 23
3 22 30
3 23 6
3 24 13
3 25 20
3 26 27
3 27 3
3 28 10
3 29 17
3 30 24
3 31 0
3 32 7
3 33 14
3 34 21
3 35 28
3 36 4
3 37 11
3 38 18
3 39 25
3 40 1
3 41 8
3 42 15
3 43 22
3 44 29
3 45 5
3 46 12
3 47 19
3 48 26
3 49 2
3 50 9
3 51 16
3 52 23
3 53 30
3 54 6
3 55 13
3 56 20
3 57 27
3 58 3
3 59 10
3 60 17
3 61 24
3 62 0
3 63 7
3 64 14
3 65 21
3 66 28
3 67 4
3 68 11
3 69 18
3 70 25
3 71 1
3 72 8
3 73 15
3 74 22
3 75 29
3 76 5
3 77 12
3 78 19
3 79 26
3 80 2
3 81 9
3 82 16
3 83 23
3 84 30
3 85 6
3 86 13
3 87 20
3 88 27
3 89 3
3 90 10
3 91 17
3 92 24
3 93 0
3 94 7
3 95 14
3 96 21
3 97 28
3 98 4
3 99 11
3 100 18
3 101 25
3 102 1
3 103 8
3 104 15
3 105 22
3 106 29
3 107 5
3 108 12
3 109 19
3 110 26
3 111 2
3 112 9
3 113 16
3 114 23
3 115 30
3 116 6
3 117 13
3 118 20
3 119 27
3 120 3
3 121 10
3 122 17
3 123 24
3 124 0
3 125 7
3 126 14
3 127 21
3 128 28
3 129 4
3 130 11
3 131 18
3 132 25
3 133 1
3 134 8
3 135 15
3 136 22
3 137 29
3 138 5
3 139 12
3 140 19
3 141 26
3 142 2
3 143 9
3 144 16
3 145 23
3 146 30
3 147 6
3 148 13
3 149 20
3 150 27
3 151 3
3 152 10
3 153 17
3 154 24
3 155 0
3 156 7
3 157 14
3 158 21
3 159 28
3 160 4
3 161 11
3 162 18
3 163 25
3 164 1
3 165 8
3 166 15
3 167 22
3 168 29
3 169 5
3 170 12
3 171 19
3 172 26
3 173 2
3 174 9
3 175 16
3 176 23
3 177 30
3 178 6
3 179 13
3 180 20
3 181 27
3 182 3
3 183 10
3 184 17
3 185 24
3 186 0
3 187 7
3 188 14
3 189 21
3 190 28
3 191 4
3 192 11
3 193 18
3 194 25
3 195 1
3 196 8
3 197 15
3 198 22
3 199 29
3 200 5
3 201 12
3 202 19
3 203 26
3 204 2
3 205 9
3 206 16
3 207 23
3 208 30
3 209 6
3 210 13
3 211 20
3 212 27
3 213 3
3 214 10
3 215 17
3 216 24
3 217 0
3 218 7
3 219 14
3 220 21
3 221 28
3 222 4
3 223 11
3 224 18
3 225 25
3 226 1
3 227 8
3 228 15
3 229 22
3 230 29
3 231 5
3 232 12
3 233 19
3 234 26
3 235 2
3 236 9
3 237 16
3 238 23
3 239 30
3 240 6
3 241 13
3 242 20
3 243 27
3 244 3
3 245 10
3 246 17
3 247 24
3 248 0
3 249 7
3 250 14
3 251 21
3 252 28
3 253 4
3 254 11
3 255 18
3 256 25
3 257 1
3 258 8
3 259 15
3 260 22
3 261 29
3 262 5
3 263 12
3 264 19
3 265 26
3 266 2
3 267 9
3 268 16
3 269 23
3 270 30
3 271 6
3 272 13
3 273 20
3 274 27
3 275 3
3 276 10
3 277 17
3 278 24
3 279 0
3 280 7
3 281 14
3 282 21
3 283 28
3 284 4
3 285 11
3 286 18
3 287 25
3 288 1
3 289 8
3 290 15
3 291 22
3 292 29
3 293 5
3 294 12
3 295 19
3 296 26
3 297 2
3 298 9
3 299 16
3 300 23
3 301 30
3 302 6
3 303 13
3 304 20
3 305 27
3 306 3
3 307 10
3 308 17
3 309 24
3 310 0
3 311 7
3 312 14
3 313 21
3 314 28
3 315 4
3 316 11
3 317 18
3 318 25
3 319 1
3 320 8
3 321 15
3 322 22
4 0 0
4 2 1
4 4 2
4 6 3
4 8 4
4 10 5
4 12 6
4 14 7
4 16 8
4 18 9
4 20 10
4 22 11
4 24 12
4 26 13
4 28 14
4 30 15
4 32 16
4 34 17
4 36 18
4 38 19
4 40 20
4 42 21
4 44 22
4 46 23
4 48 24
4 50 25
4 52 26
4 54 27
4 56 28
4 58 29
4 60 30
4 62 0
4 64 1
4 66 2
4 68 3
4 70 4
4 72 5
4 74 6
4 76 7
4 78 8
4 80 9
4 82 10
4 84 11
4 86 12
4 88 13
4 90 14
4 92 15
4 94 16
4 96 17
4 98 18
4 100 19
4 102 20
4 104 21
4 106 22
4 108 23
4 110 24
4 112 25
4 114 26
4 116 27
4 118 28
4 120 29
4 122 30
4 124 0
4 126 1
4 128 2
4 130 3
4 132 4
4 134 5
4 136 6
4 138 7
4 140 8
4 142 9
4 144 10
4 146 11
4 148 12
4 150 13
4 152 14
4 154 15
4 156 16
4 158 17
4 160 18
4 162 19
4 164 20
4 166 21
4 168 22
4 170 23
4 172 24
4 174 25
4 176 26
4 178 27
4 180 28
4 182 29
4 184 30
4 186 0
4 188 1
4 190 2
4 192 3
4 194 4
4 196 5
4 198 6
4 200 7
4 202 8
4 204 9
4 206 10
4 208 11
4 210 12
4 212 13
4 214 14
4 216 15
4 218 16
4 220 17
4 222 18
4 224 19
4 226 20
4 228 21
4 230 22
4 232 23
4 234 24
4 236 25
4 238 26
4 240 27
4 242 28
4 244 29
4 246 30
4 248 0
4 250 1
4 252 2
4 254 3
4 256 4
4 258 5
4 260 6
4 262 7
4 264 8
4 266 9
4 268 10
4 270 11
4 272 12
4 274 13
4 276 14
4 278 15
4 280 16
4 282 17
4 284 18
4 286 19
4 288 20
4 290 21
4 292 22
4 294 23
4 296 24
4 298 25
4 300 26
4 302 27
4 304 28
4 306 29
4 308 30
4 310 0
4 312 1
4 314 2
4 316 3
4 318 4
4 320 5
4 322 6
1574890240
